
  0  Density =     0.000000 gr/cm3       nElements = 1  I = 19.2 eV
      0        1                   1.007940                 1.000000

  1  Density =     0.000605 gr/cm3       nElements = 3  I = 85.7 eV
      0        7                  14.006700                 0.755000
      1        8                  15.999400                 0.232000
      2       18                  39.948000                 0.013000

  2  Density =     0.028198 gr/cm3       nElements = 10  I = 75.6608 eV
      0        1                   1.007940                 0.098819
      1        6                  12.010700                 0.100738
      2        7                  14.006700                 0.060387
      3        8                  15.999400                 0.728015
      4       11                  22.989769                 0.001919
      5       15                  30.973762                 0.001919
      6       16                  32.065000                 0.002878
      7       17                  35.453000                 0.002878
      8       18                  39.948000                 0.000528
      9       19                  39.098300                 0.001919

  3  Density =     0.082174 gr/cm3       nElements = 10  I = 75.4092 eV
      0        1                   1.007940                 0.101730
      1        6                  12.010700                 0.103705
      2        7                  14.006700                 0.039930
      3        8                  15.999400                 0.742623
      4       11                  22.989769                 0.001975
      5       15                  30.973762                 0.001975
      6       16                  32.065000                 0.002963
      7       17                  35.453000                 0.002963
      8       18                  39.948000                 0.000160
      9       19                  39.098300                 0.001975

  4  Density =     0.136150 gr/cm3       nElements = 10  I = 75.3573 eV
      0        1                   1.007940                 0.102332
      1        6                  12.010700                 0.104319
      2        7                  14.006700                 0.035694
      3        8                  15.999400                 0.745648
      4       11                  22.989769                 0.001987
      5       15                  30.973762                 0.001987
      6       16                  32.065000                 0.002981
      7       17                  35.453000                 0.002981
      8       18                  39.948000                 0.000084
      9       19                  39.098300                 0.001987

  5  Density =     0.190125 gr/cm3       nElements = 10  I = 75.3349 eV
      0        1                   1.007940                 0.102593
      1        6                  12.010700                 0.104585
      2        7                  14.006700                 0.033863
      3        8                  15.999400                 0.746956
      4       11                  22.989769                 0.001992
      5       15                  30.973762                 0.001992
      6       16                  32.065000                 0.002988
      7       17                  35.453000                 0.002988
      8       18                  39.948000                 0.000051
      9       19                  39.098300                 0.001992

  6  Density =     0.244101 gr/cm3       nElements = 10  I = 75.3225 eV
      0        1                   1.007940                 0.102738
      1        6                  12.010700                 0.104733
      2        7                  14.006700                 0.032841
      3        8                  15.999400                 0.747685
      4       11                  22.989769                 0.001995
      5       15                  30.973762                 0.001995
      6       16                  32.065000                 0.002992
      7       17                  35.453000                 0.002992
      8       18                  39.948000                 0.000033
      9       19                  39.098300                 0.001995

  7  Density =     0.298077 gr/cm3       nElements = 10  I = 75.3145 eV
      0        1                   1.007940                 0.102831
      1        6                  12.010700                 0.104827
      2        7                  14.006700                 0.032190
      3        8                  15.999400                 0.748150
      4       11                  22.989769                 0.001997
      5       15                  30.973762                 0.001997
      6       16                  32.065000                 0.002995
      7       17                  35.453000                 0.002995
      8       18                  39.948000                 0.000021
      9       19                  39.098300                 0.001997

  8  Density =     0.352053 gr/cm3       nElements = 10  I = 75.309 eV
      0        1                   1.007940                 0.102895
      1        6                  12.010700                 0.104893
      2        7                  14.006700                 0.031738
      3        8                  15.999400                 0.748473
      4       11                  22.989769                 0.001998
      5       15                  30.973762                 0.001998
      6       16                  32.065000                 0.002997
      7       17                  35.453000                 0.002997
      8       18                  39.948000                 0.000013
      9       19                  39.098300                 0.001998

  9  Density =     0.406029 gr/cm3       nElements = 10  I = 75.305 eV
      0        1                   1.007940                 0.102942
      1        6                  12.010700                 0.104941
      2        7                  14.006700                 0.031406
      3        8                  15.999400                 0.748710
      4       11                  22.989769                 0.001999
      5       15                  30.973762                 0.001999
      6       16                  32.065000                 0.002998
      7       17                  35.453000                 0.002998
      8       18                  39.948000                 0.000007
      9       19                  39.098300                 0.001999

 10  Density =     0.460004 gr/cm3       nElements = 10  I = 75.3019 eV
      0        1                   1.007940                 0.102978
      1        6                  12.010700                 0.104978
      2        7                  14.006700                 0.031153
      3        8                  15.999400                 0.748891
      4       11                  22.989769                 0.002000
      5       15                  30.973762                 0.002000
      6       16                  32.065000                 0.002999
      7       17                  35.453000                 0.002999
      8       18                  39.948000                 0.000003
      9       19                  39.098300                 0.002000

 11  Density =     0.513980 gr/cm3       nElements = 9  I = 74.5395 eV
      0        1                   1.007940                 0.103632
      1        6                  12.010700                 0.133309
      2        7                  14.006700                 0.029622
      3        8                  15.999400                 0.721954
      4       11                  22.989769                 0.001943
      5       15                  30.973762                 0.001885
      6       16                  32.065000                 0.002885
      7       17                  35.453000                 0.002885
      8       19                  39.098300                 0.001885

 12  Density =     0.567956 gr/cm3       nElements = 9  I = 72.0178 eV
      0        1                   1.007940                 0.105779
      1        6                  12.010700                 0.229529
      2        7                  14.006700                 0.024938
      3        8                  15.999400                 0.630028
      4       11                  22.989769                 0.001747
      5       15                  30.973762                 0.001495
      6       16                  32.065000                 0.002495
      7       17                  35.453000                 0.002495
      8       19                  39.098300                 0.001495

 13  Density =     0.621932 gr/cm3       nElements = 9  I = 70.0051 eV
      0        1                   1.007940                 0.107553
      1        6                  12.010700                 0.309048
      2        7                  14.006700                 0.021067
      3        8                  15.999400                 0.554058
      4       11                  22.989769                 0.001586
      5       15                  30.973762                 0.001172
      6       16                  32.065000                 0.002172
      7       17                  35.453000                 0.002172
      8       19                  39.098300                 0.001172

 14  Density =     0.675908 gr/cm3       nElements = 9  I = 68.362 eV
      0        1                   1.007940                 0.109044
      1        6                  12.010700                 0.375866
      2        7                  14.006700                 0.017814
      3        8                  15.999400                 0.490221
      4       11                  22.989769                 0.001451
      5       15                  30.973762                 0.000901
      6       16                  32.065000                 0.001901
      7       17                  35.453000                 0.001901
      8       19                  39.098300                 0.000901

 15  Density =     0.729883 gr/cm3       nElements = 9  I = 66.9957 eV
      0        1                   1.007940                 0.110314
      1        6                  12.010700                 0.432802
      2        7                  14.006700                 0.015042
      3        8                  15.999400                 0.435826
      4       11                  22.989769                 0.001335
      5       15                  30.973762                 0.000670
      6       16                  32.065000                 0.001670
      7       17                  35.453000                 0.001670
      8       19                  39.098300                 0.000670

 16  Density =     0.783859 gr/cm3       nElements = 9  I = 65.8419 eV
      0        1                   1.007940                 0.111409
      1        6                  12.010700                 0.481897
      2        7                  14.006700                 0.012652
      3        8                  15.999400                 0.388922
      4       11                  22.989769                 0.001236
      5       15                  30.973762                 0.000471
      6       16                  32.065000                 0.001471
      7       17                  35.453000                 0.001471
      8       19                  39.098300                 0.000471

 17  Density =     0.837835 gr/cm3       nElements = 9  I = 64.8547 eV
      0        1                   1.007940                 0.112364
      1        6                  12.010700                 0.524666
      2        7                  14.006700                 0.010570
      3        8                  15.999400                 0.348061
      4       11                  22.989769                 0.001149
      5       15                  30.973762                 0.000297
      6       16                  32.065000                 0.001297
      7       17                  35.453000                 0.001297
      8       19                  39.098300                 0.000297

 18  Density =     0.891811 gr/cm3       nElements = 9  I = 64.0005 eV
      0        1                   1.007940                 0.113203
      1        6                  12.010700                 0.562258
      2        7                  14.006700                 0.008740
      3        8                  15.999400                 0.312147
      4       11                  22.989769                 0.001072
      5       15                  30.973762                 0.000145
      6       16                  32.065000                 0.001145
      7       17                  35.453000                 0.001145
      8       19                  39.098300                 0.000145

 19  Density =     0.945787 gr/cm3       nElements = 9  I = 63.2543 eV
      0        1                   1.007940                 0.113946
      1        6                  12.010700                 0.595560
      2        7                  14.006700                 0.007119
      3        8                  15.999400                 0.280331
      4       11                  22.989769                 0.001005
      5       15                  30.973762                 0.000010
      6       16                  32.065000                 0.001010
      7       17                  35.453000                 0.001010
      8       19                  39.098300                 0.000010

 20  Density =     0.999762 gr/cm3       nElements = 9  I = 68.9401 eV
      0        1                   1.007940                 0.107728
      1        6                  12.010700                 0.360204
      2        7                  14.006700                 0.021111
      3        8                  15.999400                 0.503775
      4       11                  22.989769                 0.001000
      5       15                  30.973762                 0.001045
      6       16                  32.065000                 0.002045
      7       17                  35.453000                 0.001000
      8       19                  39.098300                 0.002091

 21  Density =     1.053738 gr/cm3       nElements = 9  I = 74.7232 eV
      0        1                   1.007940                 0.101532
      1        6                  12.010700                 0.139566
      2        7                  14.006700                 0.033063
      3        8                  15.999400                 0.712654
      4       11                  22.989769                 0.001312
      5       15                  30.973762                 0.003561
      6       16                  32.065000                 0.003468
      7       17                  35.453000                 0.001156
      8       19                  39.098300                 0.003688

 22  Density =     1.107714 gr/cm3       nElements = 10  I = 75.2544 eV
      0        1                   1.007940                 0.095450
      1        6                  12.010700                 0.102075
      2        7                  14.006700                 0.022086
      3        8                  15.999400                 0.738263
      4       11                  22.989769                 0.004914
      5       12                  24.305000                 0.000034
      6       15                  30.973762                 0.022825
      7       16                  32.065000                 0.008880
      8       17                  35.453000                 0.002948
      9       20                  40.078000                 0.002525

 23  Density =     1.161690 gr/cm3       nElements = 10  I = 76.969 eV
      0        1                   1.007940                 0.091806
      1        6                  12.010700                 0.122447
      2        7                  14.006700                 0.022655
      3        8                  15.999400                 0.700252
      4       11                  22.989769                 0.004345
      5       12                  24.305000                 0.000262
      6       15                  30.973762                 0.028287
      7       16                  32.065000                 0.008083
      8       17                  35.453000                 0.002607
      9       20                  40.078000                 0.019255

 24  Density =     1.215666 gr/cm3       nElements = 10  I = 78.576 eV
      0        1                   1.007940                 0.088486
      1        6                  12.010700                 0.141010
      2        7                  14.006700                 0.023173
      3        8                  15.999400                 0.665616
      4       11                  22.989769                 0.003827
      5       12                  24.305000                 0.000469
      6       15                  30.973762                 0.033265
      7       16                  32.065000                 0.007357
      8       17                  35.453000                 0.002296
      9       20                  40.078000                 0.034500

 25  Density =     1.269641 gr/cm3       nElements = 10  I = 80.0849 eV
      0        1                   1.007940                 0.085448
      1        6                  12.010700                 0.157995
      2        7                  14.006700                 0.023648
      3        8                  15.999400                 0.633926
      4       11                  22.989769                 0.003352
      5       12                  24.305000                 0.000659
      6       15                  30.973762                 0.037820
      7       16                  32.065000                 0.006693
      8       17                  35.453000                 0.002011
      9       20                  40.078000                 0.048448

 26  Density =     1.323617 gr/cm3       nElements = 10  I = 81.5043 eV
      0        1                   1.007940                 0.082658
      1        6                  12.010700                 0.173594
      2        7                  14.006700                 0.024084
      3        8                  15.999400                 0.604819
      4       11                  22.989769                 0.002916
      5       12                  24.305000                 0.000833
      6       15                  30.973762                 0.042003
      7       16                  32.065000                 0.006083
      8       17                  35.453000                 0.001750
      9       20                  40.078000                 0.061259

 27  Density =     1.377593 gr/cm3       nElements = 10  I = 82.8416 eV
      0        1                   1.007940                 0.080087
      1        6                  12.010700                 0.187972
      2        7                  14.006700                 0.024485
      3        8                  15.999400                 0.577994
      4       11                  22.989769                 0.002515
      5       12                  24.305000                 0.000994
      6       15                  30.973762                 0.045858
      7       16                  32.065000                 0.005521
      8       17                  35.453000                 0.001509
      9       20                  40.078000                 0.073066

 28  Density =     1.431569 gr/cm3       nElements = 10  I = 84.1036 eV
      0        1                   1.007940                 0.077709
      1        6                  12.010700                 0.201264
      2        7                  14.006700                 0.024857
      3        8                  15.999400                 0.553192
      4       11                  22.989769                 0.002143
      5       12                  24.305000                 0.001143
      6       15                  30.973762                 0.049423
      7       16                  32.065000                 0.005001
      8       17                  35.453000                 0.001286
      9       20                  40.078000                 0.083983

 29  Density =     1.485545 gr/cm3       nElements = 10  I = 85.2964 eV
      0        1                   1.007940                 0.075504
      1        6                  12.010700                 0.213591
      2        7                  14.006700                 0.025201
      3        8                  15.999400                 0.530191
      4       11                  22.989769                 0.001799
      5       12                  24.305000                 0.001280
      6       15                  30.973762                 0.052728
      7       16                  32.065000                 0.004519
      8       17                  35.453000                 0.001079
      9       20                  40.078000                 0.094106

 30  Density =     1.539520 gr/cm3       nElements = 10  I = 86.4254 eV
      0        1                   1.007940                 0.073454
      1        6                  12.010700                 0.225054
      2        7                  14.006700                 0.025521
      3        8                  15.999400                 0.508804
      4       11                  22.989769                 0.001479
      5       12                  24.305000                 0.001408
      6       15                  30.973762                 0.055802
      7       16                  32.065000                 0.004071
      8       17                  35.453000                 0.000887
      9       20                  40.078000                 0.103519

 31  Density =     1.593496 gr/cm3       nElements = 10  I = 87.4955 eV
      0        1                   1.007940                 0.071543
      1        6                  12.010700                 0.235740
      2        7                  14.006700                 0.025820
      3        8                  15.999400                 0.488866
      4       11                  22.989769                 0.001180
      5       12                  24.305000                 0.001528
      6       15                  30.973762                 0.058668
      7       16                  32.065000                 0.003653
      8       17                  35.453000                 0.000708
      9       20                  40.078000                 0.112295

 32  Density =     1.647472 gr/cm3       nElements = 10  I = 88.5111 eV
      0        1                   1.007940                 0.069757
      1        6                  12.010700                 0.245726
      2        7                  14.006700                 0.026098
      3        8                  15.999400                 0.470234
      4       11                  22.989769                 0.000902
      5       12                  24.305000                 0.001639
      6       15                  30.973762                 0.061346
      7       16                  32.065000                 0.003262
      8       17                  35.453000                 0.000541
      9       20                  40.078000                 0.120496

 33  Density =     1.701448 gr/cm3       nElements = 10  I = 89.4762 eV
      0        1                   1.007940                 0.068084
      1        6                  12.010700                 0.255078
      2        7                  14.006700                 0.026360
      3        8                  15.999400                 0.452784
      4       11                  22.989769                 0.000640
      5       12                  24.305000                 0.001744
      6       15                  30.973762                 0.063853
      7       16                  32.065000                 0.002896
      8       17                  35.453000                 0.000384
      9       20                  40.078000                 0.128176

 34  Density =     1.755424 gr/cm3       nElements = 10  I = 90.3944 eV
      0        1                   1.007940                 0.066514
      1        6                  12.010700                 0.263856
      2        7                  14.006700                 0.026605
      3        8                  15.999400                 0.436407
      4       11                  22.989769                 0.000395
      5       12                  24.305000                 0.001842
      6       15                  30.973762                 0.066207
      7       16                  32.065000                 0.002553
      8       17                  35.453000                 0.000237
      9       20                  40.078000                 0.135384

 35  Density =     1.809399 gr/cm3       nElements = 10  I = 91.269 eV
      0        1                   1.007940                 0.065038
      1        6                  12.010700                 0.272109
      2        7                  14.006700                 0.026835
      3        8                  15.999400                 0.421007
      4       11                  22.989769                 0.000165
      5       12                  24.305000                 0.001934
      6       15                  30.973762                 0.068420
      7       16                  32.065000                 0.002230
      8       17                  35.453000                 0.000099
      9       20                  40.078000                 0.142162

 36  Density =     1.863375 gr/cm3       nElements = 8  I = 91.9 eV
      0        1                   1.007940                 0.063984
      1        6                  12.010700                 0.278000
      2        7                  14.006700                 0.027000
      3        8                  15.999400                 0.410016
      4       12                  24.305000                 0.002000
      5       15                  30.973762                 0.070000
      6       16                  32.065000                 0.002000
      7       20                  40.078000                 0.147000

 37  Density =     1.917351 gr/cm3       nElements = 8  I = 91.9 eV
      0        1                   1.007940                 0.063984
      1        6                  12.010700                 0.278000
      2        7                  14.006700                 0.027000
      3        8                  15.999400                 0.410016
      4       12                  24.305000                 0.002000
      5       15                  30.973762                 0.070000
      6       16                  32.065000                 0.002000
      7       20                  40.078000                 0.147000

 38  Density =     1.971327 gr/cm3       nElements = 8  I = 91.9 eV
      0        1                   1.007940                 0.063984
      1        6                  12.010700                 0.278000
      2        7                  14.006700                 0.027000
      3        8                  15.999400                 0.410016
      4       12                  24.305000                 0.002000
      5       15                  30.973762                 0.070000
      6       16                  32.065000                 0.002000
      7       20                  40.078000                 0.147000

 39  Density =     2.025303 gr/cm3       nElements = 8  I = 91.9 eV
      0        1                   1.007940                 0.063984
      1        6                  12.010700                 0.278000
      2        7                  14.006700                 0.027000
      3        8                  15.999400                 0.410016
      4       12                  24.305000                 0.002000
      5       15                  30.973762                 0.070000
      6       16                  32.065000                 0.002000
      7       20                  40.078000                 0.147000

 40  Density =     2.079278 gr/cm3       nElements = 8  I = 91.9 eV
      0        1                   1.007940                 0.063984
      1        6                  12.010700                 0.278000
      2        7                  14.006700                 0.027000
      3        8                  15.999400                 0.410016
      4       12                  24.305000                 0.002000
      5       15                  30.973762                 0.070000
      6       16                  32.065000                 0.002000
      7       20                  40.078000                 0.147000

 41  Density =     2.133254 gr/cm3       nElements = 9  I = 95.4538 eV
      0        1                   1.007940                 0.059496
      1        6                  12.010700                 0.258499
      2        7                  14.006700                 0.025106
      3        8                  15.999400                 0.381254
      4       12                  24.305000                 0.001860
      5       13                  26.981539                 0.070148
      6       15                  30.973762                 0.065090
      7       16                  32.065000                 0.001860
      8       20                  40.078000                 0.136688

 42  Density =     2.187230 gr/cm3       nElements = 9  I = 101.367 eV
      0        1                   1.007940                 0.052501
      1        6                  12.010700                 0.228108
      2        7                  14.006700                 0.022154
      3        8                  15.999400                 0.336432
      4       12                  24.305000                 0.001641
      5       13                  26.981539                 0.179467
      6       15                  30.973762                 0.057437
      7       16                  32.065000                 0.001641
      8       20                  40.078000                 0.120618

 43  Density =     2.241206 gr/cm3       nElements = 9  I = 107.459 eV
      0        1                   1.007940                 0.045843
      1        6                  12.010700                 0.199182
      2        7                  14.006700                 0.019345
      3        8                  15.999400                 0.293768
      4       12                  24.305000                 0.001433
      5       13                  26.981539                 0.283520
      6       15                  30.973762                 0.050154
      7       16                  32.065000                 0.001433
      8       20                  40.078000                 0.105323

 44  Density =     2.295182 gr/cm3       nElements = 9  I = 113.726 eV
      0        1                   1.007940                 0.039499
      1        6                  12.010700                 0.171615
      2        7                  14.006700                 0.016668
      3        8                  15.999400                 0.253112
      4       12                  24.305000                 0.001235
      5       13                  26.981539                 0.382679
      6       15                  30.973762                 0.043213
      7       16                  32.065000                 0.001235
      8       20                  40.078000                 0.090746

 45  Density =     2.349157 gr/cm3       nElements = 9  I = 120.164 eV
      0        1                   1.007940                 0.033446
      1        6                  12.010700                 0.145316
      2        7                  14.006700                 0.014113
      3        8                  15.999400                 0.214323
      4       12                  24.305000                 0.001045
      5       13                  26.981539                 0.477281
      6       15                  30.973762                 0.036590
      7       16                  32.065000                 0.001045
      8       20                  40.078000                 0.076840

 46  Density =     2.403133 gr/cm3       nElements = 9  I = 126.772 eV
      0        1                   1.007940                 0.027665
      1        6                  12.010700                 0.120198
      2        7                  14.006700                 0.011674
      3        8                  15.999400                 0.177277
      4       12                  24.305000                 0.000865
      5       13                  26.981539                 0.567634
      6       15                  30.973762                 0.030266
      7       16                  32.065000                 0.000865
      8       20                  40.078000                 0.063558

 47  Density =     2.457109 gr/cm3       nElements = 9  I = 133.547 eV
      0        1                   1.007940                 0.022137
      1        6                  12.010700                 0.096183
      2        7                  14.006700                 0.009342
      3        8                  15.999400                 0.141859
      4       12                  24.305000                 0.000692
      5       13                  26.981539                 0.654017
      6       15                  30.973762                 0.024219
      7       16                  32.065000                 0.000692
      8       20                  40.078000                 0.050860

 48  Density =     2.511085 gr/cm3       nElements = 9  I = 140.484 eV
      0        1                   1.007940                 0.016848
      1        6                  12.010700                 0.073201
      2        7                  14.006700                 0.007109
      3        8                  15.999400                 0.107963
      4       12                  24.305000                 0.000527
      5       13                  26.981539                 0.736686
      6       15                  30.973762                 0.018432
      7       16                  32.065000                 0.000527
      8       20                  40.078000                 0.038707

 49  Density =     2.565061 gr/cm3       nElements = 9  I = 147.581 eV
      0        1                   1.007940                 0.011781
      1        6                  12.010700                 0.051186
      2        7                  14.006700                 0.004971
      3        8                  15.999400                 0.075494
      4       12                  24.305000                 0.000368
      5       13                  26.981539                 0.815876
      6       15                  30.973762                 0.012889
      7       16                  32.065000                 0.000368
      8       20                  40.078000                 0.027066

 50  Density =     2.619036 gr/cm3       nElements = 9  I = 154.834 eV
      0        1                   1.007940                 0.006923
      1        6                  12.010700                 0.030079
      2        7                  14.006700                 0.002921
      3        8                  15.999400                 0.044363
      4       12                  24.305000                 0.000216
      5       13                  26.981539                 0.891803
      6       15                  30.973762                 0.007574
      7       16                  32.065000                 0.000216
      8       20                  40.078000                 0.015905

 51  Density =     2.673012 gr/cm3       nElements = 9  I = 162.241 eV
      0        1                   1.007940                 0.002261
      1        6                  12.010700                 0.009824
      2        7                  14.006700                 0.000954
      3        8                  15.999400                 0.014489
      4       12                  24.305000                 0.000071
      5       13                  26.981539                 0.964662
      6       15                  30.973762                 0.002474
      7       16                  32.065000                 0.000071
      8       20                  40.078000                 0.005195

 52  Density =     3.217000 gr/cm3       nElements = 2  I = 183.344 eV
      0       13                  26.981539                 0.812153
      1       26                  55.845000                 0.187847

 53  Density =     4.251000 gr/cm3       nElements = 2  I = 219.486 eV
      0       13                  26.981539                 0.478028
      1       26                  55.845000                 0.521972

 54  Density =     5.285000 gr/cm3       nElements = 2  I = 245.388 eV
      0       13                  26.981539                 0.274645
      1       26                  55.845000                 0.725355

 55  Density =     6.319000 gr/cm3       nElements = 2  I = 264.746 eV
      0       13                  26.981539                 0.137822
      1       26                  55.845000                 0.862178

 56  Density =     7.353000 gr/cm3       nElements = 2  I = 279.722 eV
      0       13                  26.981539                 0.039480
      1       26                  55.845000                 0.960520
 
     
===================================================================================